-32 28 2
-28 28 2
-24 28 2
-20 28 2
-16 28 2
-12 28 2
-8 28 2
-4 28 2
0 28 2
4 28 3
8 28 1
12 28 2
16 28 3
20 28 2
24 28 2
28 28 3
32 28 2
-32 24 2
-28 24 2
-24 24 4
-20 24 4
-16 24 2
-12 24 4
-8 24 2
-4 24 2
0 24 4
4 24 3
8 24 1
12 24 2
16 24 1
20 24 2
24 24 3
28 24 1
32 24 2
-32 20 2
-28 20 4
-24 20 2
-20 20 2
-16 20 4
-12 20 2
-8 20 4 
-4 20 2
0 20 2
4 20 4
8 20 1
12 20 2
16 20 4
20 20 2
24 20 2
28 20 3
32 20 2
-32 16 2
-28 16 2
-24 16 2
-20 16 2
-16 16 2
-12 16 4
-8 16 2
-4 16 2
0 16 4
4 16 3
8 16 1
12 16 4
16 16 3
20 16 2
24 16 2
28 16 3